%% LC62-50B model

m = 41.97;
g = 9.81;

S1 = 0.2624;
S2 = 0.5898;
S = S1 + S2;
St = 0.06894022;  % [m^2]
c = 0.551;  % Main wing chord length [m]
b = 1.1;  % Main wing half span [m]
d = 0.849; % Moment arm length [m]

alp = deg2rad([0, 2, 4, 6, 8, 10, 12, 14, 16]);
C_L = [0.1931, 0.4075, 0.6112, 0.7939, 0.9270, 1.0775, 0.9577, 1.0497, 1.0635];
C_D = [0.0617, 0.0668, 0.0788, 0.0948, 0.1199, 0.1504, 0.2105, 0.2594, 0.3128];
C_m = [0.0406, 0.0141, -0.0208, -0.0480, -0.2717, -0.4096, -0.1448, -0.2067, -0.2548];


cmd = [0, 0.2, 0.255, 0.310, 0.365, 0.420, 0.475, 0.530, 0.585, 0.640, 0.695, 0.750];
th_p = [0, 1.39, 4.22, 7.89, 12.36, 17.60, 23.19, 29.99, 39.09, 46.14, 52.67, 59.69];
th_r = [-19281, 36503, -992.75, 0]; % polynomial coeff

rho = 1.225;